,10C1,10C10,10C2,10C3,10C4,10C5,10C6,10C7,10C8,10C9,10N1,10N10,10N2,10N3,10N4,10N5,10N7,10N8,10N9,6C1,6C2,6C3,6C4,6C5,6C8,6C9,6N1,6N10,6N2,6N3,6N4,6N5,6N6,6N7,6N8,6N9,8C1,8C10,8C2,8C3,8C4,8C5,8C7,8C8,8C9,8N1,8N10,8N2,8N3,8N4,8N5,8N6,8N7,8N8,8N9,9C1,9C10,9C2,9C3,9C4,9C5,9C6,9C7,9C8,9C9,9N1,9N10,9N2,9N3,9N4,9N5,9N6,9N7,9N8,9N9
10C1,0,0.211977073,0.199330729,0.197871657,0.233467654,0.160731408,0.193202789,0.182942938,0.243349198,0.188778715,0.36229579,0.223048721,0.194990128,0.28587001,0.231444727,0.275055093,0.352847399,0.294376475,0.248885259,0.457983901,0.209641275,0.230334199,0.275069412,0.311562478,0.564459949,0.420162483,0.176908196,0.272227771,0.307235685,0.193610824,0.172022183,0.25776173,0.116636149,0.279817434,0.154258078,0.165248879,0.259535947,0.357134195,0.205464831,0.207744222,0.191262598,0.229582176,0.290842264,0.307377156,0.164262504,0.281555076,0.162954444,0.256016136,0.225053896,0.24625121,0.218874861,0.22202921,0.186737606,0.200262926,0.207975045,0.18350233,0.264132837,0.223202794,0.308721863,0.215546831,0.230430266,0.218254558,0.232698004,0.212595718,0.169027646,0.230800742,0.227180344,0.22162687,0.206403086,0.201571369,0.231208318,0.326812918,0.226098878,0.233741411,0.161120438
10C10,0.211977073,0,0.21640917,0.22643746,0.177314999,0.186462947,0.172928408,0.170304563,0.234404595,0.172259438,0.378132671,0.221257796,0.211174443,0.237197479,0.24135353,0.261037152,0.263862132,0.285709208,0.278723584,0.443789078,0.188152162,0.213803534,0.245850597,0.275016723,0.558560346,0.418113366,0.221309847,0.297986097,0.219498264,0.207272953,0.178242544,0.195722593,0.169763814,0.289249139,0.199488633,0.1969217,0.265845174,0.338544272,0.182638056,0.224331011,0.204596315,0.170026305,0.302859673,0.224834739,0.167663313,0.286991207,0.204619303,0.172781673,0.149721157,0.219307685,0.135733194,0.129151997,0.157473499,0.253590889,0.268258108,0.239465557,0.254229776,0.250051465,0.28156169,0.246943398,0.265292261,0.279890591,0.247246843,0.243425821,0.232053921,0.224529927,0.267069987,0.174483349,0.213675591,0.275043328,0.280416809,0.379900729,0.274602473,0.247683378,0.171699153
10C2,0.199330729,0.21640917,0,0.233621092,0.286180735,0.217569679,0.168602608,0.220882955,0.265115733,0.240095836,0.429930679,0.197469616,0.195748267,0.316327377,0.262651918,0.261008102,0.371306512,0.324903194,0.335003932,0.499127882,0.250598108,0.275113356,0.226399685,0.372637683,0.611991974,0.469553142,0.222211551,0.346277988,0.307843182,0.234943005,0.243949446,0.283221727,0.189663874,0.342356343,0.168330933,0.225655792,0.331135296,0.359437116,0.1902108,0.247756389,0.228713071,0.264755869,0.316827697,0.352604307,0.196230521,0.318963267,0.149330819,0.259487889,0.244078469,0.273489069,0.17492689,0.239675651,0.203046067,0.234391511,0.251734542,0.246174813,0.299827408,0.268671131,0.339810466,0.2829377,0.226892777,0.279236681,0.307705241,0.229037591,0.192767369,0.288973421,0.251834245,0.277289221,0.240138393,0.27822901,0.267515083,0.390591319,0.243308735,0.261815582,0.171772307
10C3,0.197871657,0.22643746,0.233621092,0,0.280711507,0.224557837,0.203322814,0.244967305,0.289992811,0.2268342,0.382075757,0.259673122,0.108863409,0.322751475,0.274112728,0.31238594,0.407130794,0.334707106,0.31368889,0.473369656,0.253907306,0.296135958,0.287073267,0.334820257,0.566793307,0.433649226,0.117427169,0.292612716,0.3351806,0.263103253,0.239760636,0.271529665,0.17562719,0.279207535,0.243121785,0.177841694,0.304968566,0.38550577,0.238798936,0.119897887,0.240105547,0.252491471,0.321808713,0.358722941,0.225265165,0.260931013,0.164823227,0.302682583,0.274618043,0.285888907,0.230481312,0.249894581,0.218401793,0.171565975,0.2034519,0.150106189,0.290273212,0.295146189,0.319994086,0.20055596,0.216863727,0.205417079,0.262496533,0.118011363,0.224624825,0.219006327,0.177784649,0.264740067,0.194332779,0.17486218,0.170559571,0.266585441,0.291250351,0.183090136,0.187371709
10C4,0.233467654,0.177314999,0.286180735,0.280711507,0,0.219040544,0.238375753,0.19938049,0.252584828,0.209845801,0.39655783,0.203218329,0.289135194,0.248007024,0.224946425,0.336056081,0.210903891,0.275800815,0.293632449,0.450968683,0.260480057,0.226943471,0.289940956,0.307804406,0.573303977,0.439993837,0.275074464,0.347546039,0.185308061,0.24582272,0.170849235,0.216057092,0.241773293,0.326054648,0.286203412,0.246950911,0.267567073,0.311601561,0.236817455,0.289759742,0.240056534,0.140692928,0.34141553,0.20895871,0.241808482,0.353641848,0.234543118,0.222929872,0.166225476,0.296515364,0.217722287,0.189734146,0.214466168,0.297817568,0.279806189,0.263343916,0.280861875,0.262131862,0.295681927,0.282168435,0.281832296,0.261344406,0.2811204,0.294434594,0.26975599,0.296944482,0.301796028,0.226832484,0.278359342,0.282968379,0.312914036,0.400934188,0.262679264,0.313115115,0.231220986
10C5,0.160731408,0.186462947,0.217569679,0.224557837,0.219040544,0,0.166414125,0.158744004,0.218042588,0.149051673,0.335803704,0.212264831,0.21056369,0.251184728,0.220190583,0.278955109,0.312827481,0.295084879,0.255622559,0.461166273,0.225459413,0.201303271,0.258027464,0.256105302,0.563300276,0.397715113,0.229803354,0.270343882,0.269931551,0.153789412,0.136359065,0.19840771,0.148551243,0.24776398,0.19492593,0.166221519,0.270785191,0.344666283,0.190419939,0.23423744,0.212186402,0.193752422,0.307329264,0.269514186,0.192039022,0.320218358,0.198165558,0.223743904,0.179695302,0.253420558,0.194076665,0.19387261,0.144750748,0.23404637,0.240036517,0.199751082,0.260941901,0.25298203,0.279252903,0.236281305,0.239168212,0.24260306,0.233199252,0.232154672,0.186543136,0.256382372,0.227111988,0.209239246,0.22581601,0.199564833,0.255120508,0.320121282,0.269863736,0.256135567,0.180687718
10C6,0.193202789,0.172928408,0.168602608,0.203322814,0.238375753,0.166414125,0,0.175628281,0.226140601,0.159592216,0.383530153,0.167244332,0.181880129,0.260059785,0.247514118,0.233609282,0.30997601,0.285535892,0.268767698,0.460106552,0.206764018,0.217740912,0.207406963,0.293082579,0.568253819,0.406154858,0.210479829,0.305915138,0.245337596,0.191846369,0.182753774,0.228688759,0.15194583,0.288673297,0.155979059,0.185351736,0.274903054,0.328323386,0.143334512,0.218378719,0.263990921,0.192875265,0.288176983,0.299750343,0.188778123,0.294752679,0.143087463,0.203052995,0.198660321,0.240588027,0.143842326,0.183549183,0.183663865,0.250283613,0.268795786,0.215250937,0.276761048,0.250149375,0.29711346,0.239573326,0.214422281,0.271850581,0.262313739,0.236087631,0.202874421,0.259313815,0.218811621,0.222206743,0.238206147,0.236436038,0.249594095,0.341075205,0.218126057,0.261879594,0.156513121
10C7,0.182942938,0.170304563,0.220882955,0.244967305,0.19938049,0.158744004,0.175628281,0,0.243287782,0.136748035,0.402881356,0.191987479,0.22835689,0.229348276,0.246739809,0.269122859,0.267228991,0.292130561,0.286106939,0.460054781,0.195331899,0.170156015,0.273575886,0.311526624,0.570966217,0.438612935,0.25454069,0.338373529,0.202894553,0.191408872,0.171484007,0.20018943,0.171008461,0.321554848,0.20860313,0.223194503,0.278005473,0.346852551,0.188075659,0.258820778,0.223178144,0.151577144,0.329682026,0.207497272,0.19256463,0.332879294,0.21087669,0.15271742,0.151732306,0.247728584,0.181108591,0.133384584,0.147642224,0.237680566,0.263410347,0.226560362,0.281046195,0.273524708,0.297448001,0.251158491,0.27356662,0.277207394,0.27328305,0.255307752,0.186127836,0.271943102,0.268201968,0.140248482,0.24778111,0.273617107,0.266922356,0.36975058,0.271308098,0.268429375,0.192720664
10C8,0.243349198,0.234404595,0.265115733,0.289992811,0.252584828,0.218042588,0.226140601,0.243287782,0,0.223275351,0.364858752,0.247724413,0.282005846,0.291541526,0.274964517,0.331612085,0.334443611,0.304752781,0.233802417,0.474152427,0.283421915,0.247898387,0.277648636,0.314498184,0.567319714,0.410370757,0.301349208,0.327094733,0.313610213,0.23491195,0.199717135,0.265135096,0.218151367,0.316031844,0.261733478,0.242178001,0.262173045,0.319957021,0.211866481,0.286750936,0.28537706,0.214147728,0.33563909,0.331668366,0.22937349,0.337882156,0.238527628,0.274371552,0.262389502,0.301907196,0.243886977,0.256611838,0.234422344,0.312689726,0.315916469,0.267513658,0.260511661,0.259200174,0.293490959,0.293023531,0.267076682,0.294158112,0.270102998,0.300792866,0.246318992,0.30054057,0.277149048,0.26687905,0.292414472,0.271310945,0.305085624,0.37719628,0.269447658,0.326452853,0.240198544
10C9,0.188778715,0.172259438,0.240095836,0.2268342,0.209845801,0.149051673,0.159592216,0.136748035,0.223275351,0,0.343161177,0.179036412,0.230475291,0.210359501,0.224578978,0.25495395,0.29658048,0.278250668,0.221398228,0.44611194,0.185964022,0.185596802,0.239879225,0.266195029,0.512741939,0.382786512,0.239267725,0.290442123,0.229618256,0.180044429,0.158208848,0.153398327,0.16020401,0.282158473,0.201614527,0.186326918,0.259327122,0.341088874,0.179673556,0.236088909,0.252046637,0.174088583,0.304697497,0.233204459,0.196964625,0.315975097,0.189792823,0.185554799,0.159401355,0.249842609,0.18650587,0.137896377,0.161492795,0.255373689,0.28629326,0.209814215,0.2616197,0.250546881,0.27672369,0.251043626,0.244764445,0.256367279,0.228486009,0.239402911,0.215557581,0.256886845,0.246066963,0.161187067,0.250675499,0.239934372,0.265188203,0.360260327,0.256097597,0.262991374,0.179704767
10N1,0.36229579,0.378132671,0.429930679,0.382075757,0.39655783,0.335803704,0.383530153,0.402881356,0.364858752,0.343161177,0,0.393705057,0.3790491,0.41931391,0.380329963,0.294311187,0.370168829,0.421702895,0.318423619,0.334297647,0.290890891,0.401629703,0.380893326,0.238486288,0.360604614,0.247110993,0.353789434,0.279429808,0.453742705,0.32177494,0.337666997,0.3814123,0.359110277,0.2925182,0.348170388,0.314263999,0.317663797,0.407582477,0.358668735,0.339494568,0.375922748,0.380569734,0.31317064,0.345924118,0.341431242,0.344330356,0.379723606,0.399741594,0.39161765,0.302677342,0.375924507,0.358326308,0.389042574,0.42245262,0.409498897,0.342303656,0.294140351,0.376705082,0.330577067,0.362946765,0.354134456,0.362946362,0.256996328,0.37234393,0.398197066,0.304515284,0.362957274,0.353554438,0.350726784,0.321014491,0.375476468,0.412584,0.374100972,0.364262743,0.378777266
10N10,0.223048721,0.221257796,0.197469616,0.259673122,0.203218329,0.212264831,0.167244332,0.191987479,0.247724413,0.179036412,0.393705057,0,0.236000285,0.269735289,0.229800178,0.251972704,0.31485848,0.254925476,0.292819426,0.476225172,0.252256758,0.24665422,0.215869005,0.330193803,0.567506778,0.431398406,0.244476327,0.35555367,0.224225394,0.218919567,0.188154292,0.218256087,0.221934824,0.340488001,0.233536117,0.24397624,0.299698734,0.284946538,0.191284866,0.286818201,0.233716661,0.203965687,0.280664159,0.281288379,0.239132951,0.347834735,0.168585427,0.229665133,0.199592487,0.275453459,0.149155006,0.201594155,0.205912245,0.258097479,0.25616041,0.242773283,0.286171626,0.249078235,0.314057026,0.279624994,0.224878015,0.263970189,0.290424595,0.260750083,0.223181101,0.294186907,0.277273765,0.252696433,0.257049349,0.280544514,0.287480083,0.398572271,0.185265975,0.292406716,0.222142093
10N2,0.194990128,0.211174443,0.195748267,0.108863409,0.289135194,0.21056369,0.181880129,0.22835689,0.282005846,0.230475291,0.3790491,0.236000285,0,0.311414354,0.263780813,0.262669207,0.378703047,0.331073537,0.313923911,0.443902537,0.236595203,0.288867747,0.248442488,0.329991798,0.559080249,0.419902891,0.1206185,0.288713934,0.311615961,0.234385702,0.232528559,0.284784594,0.161953301,0.266921256,0.192575182,0.185363393,0.315352731,0.381504881,0.208766485,0.120807908,0.22439291,0.255407212,0.283435554,0.350282184,0.205884454,0.245084724,0.164550788,0.263117642,0.248467582,0.25005343,0.195016877,0.234024948,0.202670954,0.163254076,0.185311375,0.144953792,0.308660481,0.278324954,0.325902541,0.180295113,0.195699746,0.2126056,0.26291029,0.132309782,0.210668888,0.207943294,0.156949052,0.244417874,0.150406512,0.179967091,0.175280026,0.269570364,0.263007578,0.167288207,0.180563646
10N3,0.28587001,0.237197479,0.316327377,0.322751475,0.248007024,0.251184728,0.260059785,0.229348276,0.291541526,0.210359501,0.41931391,0.269735289,0.311414354,0,0.275501129,0.335434165,0.308927057,0.279014163,0.294365647,0.472075511,0.262418661,0.229499629,0.27061271,0.321333324,0.565029764,0.416999875,0.331853916,0.378124791,0.265339385,0.273594996,0.209656501,0.256419614,0.261288485,0.352199586,0.287602216,0.285343937,0.274580651,0.317965763,0.230976975,0.323807882,0.302646522,0.235653766,0.328346778,0.259490536,0.260460596,0.367374104,0.284819786,0.223107808,0.222773058,0.30142073,0.223450221,0.208987514,0.238722726,0.340519782,0.336928015,0.284176938,0.304716923,0.293003622,0.297882979,0.288347351,0.293789158,0.329420784,0.304340452,0.336013066,0.287060842,0.326244092,0.328637698,0.216597192,0.298208016,0.330737065,0.335513398,0.445062978,0.280834472,0.333298003,0.25194298
10N4,0.231444727,0.24135353,0.262651918,0.274112728,0.224946425,0.220190583,0.247514118,0.246739809,0.274964517,0.224578978,0.380329963,0.229800178,0.263780813,0.275501129,0,0.32575665,0.362860576,0.288258948,0.286196326,0.481303192,0.258506502,0.253717566,0.247195567,0.310148677,0.575040817,0.439240346,0.259471435,0.341502743,0.31615035,0.227696535,0.225545598,0.244490217,0.232596582,0.275828897,0.274700181,0.25003048,0.266929676,0.348281812,0.250031762,0.283296613,0.229017031,0.261642493,0.334864617,0.304590725,0.249700549,0.346836629,0.236551347,0.257330733,0.239015729,0.295498731,0.23531285,0.239051367,0.231432257,0.271054787,0.270529896,0.221434635,0.276374434,0.268859305,0.298468996,0.261055546,0.252577061,0.213103569,0.256617847,0.257522791,0.257358195,0.291844993,0.271400965,0.237848453,0.261005361,0.23756872,0.289247049,0.392497601,0.256336721,0.294695368,0.233942845
10N5,0.275055093,0.261037152,0.261008102,0.31238594,0.336056081,0.278955109,0.233609282,0.269122859,0.331612085,0.25495395,0.294311187,0.251972704,0.262669207,0.335434165,0.32575665,0,0.269979848,0.360370006,0.28339818,0.361373,0.184182186,0.327428828,0.257342075,0.248281573,0.459550036,0.307384988,0.278625205,0.32508001,0.318538376,0.241973485,0.289930536,0.309693267,0.261090482,0.332127159,0.225823769,0.253718618,0.301632032,0.344818244,0.24895443,0.300158909,0.291925371,0.318083649,0.230150513,0.274014111,0.241402611,0.328739893,0.244696211,0.257261007,0.275194933,0.170433263,0.207473818,0.230808913,0.271954995,0.302473267,0.306348714,0.298097965,0.260736214,0.284385251,0.332699892,0.295309266,0.249381537,0.325460231,0.236218269,0.310986581,0.292761859,0.225997883,0.309955273,0.269875795,0.266801445,0.33414634,0.337156745,0.444864387,0.264282595,0.306135366,0.264328837
10N7,0.352847399,0.263862132,0.371306512,0.407130794,0.210903891,0.312827481,0.30997601,0.267228991,0.334443611,0.29658048,0.370168829,0.31485848,0.378703047,0.308927057,0.362860576,0.269979848,0,0.38431989,0.354980942,0.350917424,0.25436606,0.268116226,0.328158855,0.293145867,0.490103701,0.346213468,0.375111635,0.402226037,0.206899254,0.310760569,0.272856294,0.306415753,0.33042989,0.403336851,0.327946761,0.328958966,0.306461702,0.316970604,0.307422652,0.398944751,0.359920087,0.243489617,0.328924965,0.141669559,0.296302709,0.433836777,0.338219491,0.203061539,0.233430303,0.266823003,0.281749078,0.236213225,0.305475037,0.419352917,0.398537706,0.383789097,0.304757988,0.327293833,0.369970996,0.37516943,0.381056491,0.391643327,0.318063079,0.415639729,0.365559791,0.314672065,0.381914003,0.281397041,0.354908405,0.414088336,0.419083571,0.507729023,0.329020415,0.415363888,0.322908547
10N8,0.294376475,0.285709208,0.324903194,0.334707106,0.275800815,0.295084879,0.285535892,0.292130561,0.304752781,0.278250668,0.421702895,0.254925476,0.331073537,0.279014163,0.288258948,0.360370006,0.38431989,0,0.274480318,0.534883008,0.30172776,0.29823764,0.307042423,0.369066967,0.617329083,0.437132162,0.309680893,0.410072975,0.339866826,0.289481041,0.238342534,0.310816275,0.285812688,0.384705707,0.312670403,0.295247094,0.317297406,0.252424138,0.222031358,0.345291079,0.302579923,0.255627061,0.369473045,0.341703735,0.267480587,0.275184569,0.281592769,0.303741231,0.278868227,0.334755499,0.261725432,0.258775717,0.274323491,0.343230943,0.338322318,0.318123301,0.294222494,0.326212259,0.268827238,0.315896744,0.325721509,0.329380059,0.330689499,0.335983617,0.247519937,0.346165265,0.357239147,0.318087467,0.332963699,0.352221946,0.369223685,0.477070953,0.269324621,0.36670705,0.286128955
10N9,0.248885259,0.278723584,0.335003932,0.31368889,0.293632449,0.255622559,0.268767698,0.286106939,0.233802417,0.221398228,0.318423619,0.292819426,0.313923911,0.294365647,0.286196326,0.28339818,0.354980942,0.274480318,0,0.436147666,0.252798952,0.281065924,0.298861051,0.300627285,0.500268571,0.327855184,0.286522515,0.305953593,0.334658144,0.245836039,0.233636974,0.280363507,0.256265636,0.304971289,0.264240393,0.256079028,0.225843826,0.289781818,0.234284688,0.305399431,0.299371641,0.265623573,0.304922081,0.301708727,0.239505271,0.273375315,0.283505891,0.290488377,0.274522441,0.285316941,0.28187824,0.235541311,0.272032305,0.343585605,0.333672436,0.276162475,0.263997776,0.283872123,0.264748078,0.301412154,0.273345413,0.298987733,0.232291217,0.322330297,0.255844587,0.303931169,0.314191497,0.239461389,0.291483579,0.306709636,0.330979459,0.418225443,0.261062731,0.340420596,0.285150337
6C1,0.457983901,0.443789078,0.499127882,0.473369656,0.450968683,0.461166273,0.460106552,0.460054781,0.474152427,0.44611194,0.334297647,0.476225172,0.443902537,0.472075511,0.481303192,0.361373,0.350917424,0.534883008,0.436147666,0,0.367139886,0.467078912,0.441982025,0.358633321,0.280328632,0.2514337,0.442085069,0.439327365,0.482264304,0.436290817,0.445606324,0.484620977,0.448210244,0.448091409,0.442343683,0.41759657,0.404698206,0.458419738,0.450200224,0.447107375,0.468317473,0.481542709,0.380161409,0.377151527,0.423975567,0.461784369,0.454921941,0.420887527,0.461876883,0.357589749,0.44236157,0.428562689,0.465133641,0.493927759,0.476841116,0.440391241,0.419644852,0.435727237,0.460421554,0.438418956,0.447886091,0.438727225,0.371574005,0.458473195,0.498194955,0.371795493,0.446818357,0.429980721,0.411116543,0.46486881,0.458390835,0.533055725,0.422379057,0.454789634,0.444851593
6C2,0.209641275,0.188152162,0.250598108,0.253907306,0.260480057,0.225459413,0.206764018,0.195331899,0.283421915,0.185964022,0.290890891,0.252256758,0.236595203,0.262418661,0.258506502,0.184182186,0.25436606,0.30172776,0.252798952,0.367139886,0,0.263667864,0.257728489,0.235271541,0.462668648,0.338353102,0.221894677,0.280972692,0.300764086,0.241300747,0.226999054,0.266419273,0.19958412,0.289999445,0.180155065,0.21057032,0.23248486,0.317368234,0.197872006,0.229570863,0.255972599,0.245514947,0.235543993,0.210580727,0.179425951,0.264115437,0.219008439,0.194452497,0.214227207,0.173914183,0.18873079,0.160916299,0.223315299,0.284419319,0.293858206,0.241591467,0.220954702,0.245027861,0.285633156,0.253725726,0.277859799,0.279025587,0.181309593,0.261938067,0.250604145,0.200070743,0.286112767,0.190258541,0.245128799,0.277378026,0.273696565,0.390634741,0.239920147,0.26517037,0.186997311
6C3,0.230334199,0.213803534,0.275113356,0.296135958,0.226943471,0.201303271,0.217740912,0.170156015,0.247898387,0.185596802,0.401629703,0.24665422,0.288867747,0.229499629,0.253717566,0.327428828,0.268116226,0.29823764,0.281065924,0.467078912,0.263667864,0,0.265804933,0.313289087,0.547836853,0.395568202,0.311603597,0.351709525,0.221095806,0.231741267,0.184233236,0.190615853,0.191075984,0.322848567,0.243018531,0.25611932,0.25872535,0.324787808,0.213360348,0.307595421,0.310235757,0.175998033,0.366661673,0.238922193,0.235020505,0.368247185,0.242094343,0.180830857,0.158660575,0.307335867,0.240486092,0.199528155,0.193996083,0.328625741,0.343791204,0.253148151,0.297302304,0.285203075,0.30031327,0.300922714,0.285806893,0.318693183,0.283784125,0.315887967,0.244930105,0.319600153,0.283462691,0.199826921,0.300877469,0.298357712,0.313345099,0.412403467,0.274756895,0.336834202,0.206206073
6C4,0.275069412,0.245850597,0.226399685,0.287073267,0.289940956,0.258027464,0.207406963,0.273575886,0.277648636,0.239879225,0.380893326,0.215869005,0.248442488,0.27061271,0.247195567,0.257342075,0.328158855,0.307042423,0.298861051,0.441982025,0.257728489,0.265804933,0,0.303777474,0.552451292,0.405636923,0.265866494,0.344578297,0.298747259,0.22315664,0.242418499,0.246471448,0.250187819,0.272174958,0.225815412,0.235686885,0.277551419,0.321907043,0.222213411,0.27317637,0.281638556,0.282427482,0.265970518,0.310639278,0.245633828,0.329413602,0.231594186,0.25435077,0.23565064,0.265694402,0.203314417,0.247202886,0.256216866,0.294115932,0.301194527,0.250026246,0.291087235,0.26825925,0.306703319,0.284971289,0.237076256,0.297285426,0.266452424,0.277211778,0.291562442,0.279399028,0.264366926,0.241239124,0.256352026,0.298216171,0.304588982,0.40848152,0.20501073,0.291100875,0.234596888
6C5,0.311562478,0.275016723,0.372637683,0.334820257,0.307804406,0.256105302,0.293082579,0.311526624,0.314498184,0.266195029,0.238486288,0.330193803,0.329991798,0.321333324,0.310148677,0.248281573,0.293145867,0.369066967,0.300627285,0.358633321,0.235271541,0.313289087,0.303777474,0,0.439188255,0.274669689,0.339393548,0.258031364,0.367575351,0.248231346,0.276735121,0.29459126,0.293941961,0.256922026,0.308212546,0.236853589,0.273118091,0.343569563,0.310109421,0.318151328,0.307954626,0.31886831,0.287155412,0.257253224,0.275737346,0.35171038,0.3250118,0.30159615,0.271064318,0.21827193,0.271895403,0.270203698,0.30951464,0.370465288,0.360082151,0.29946111,0.259326163,0.318495632,0.292748269,0.296684881,0.333033634,0.324786748,0.228138044,0.349220832,0.355447498,0.247654326,0.338062684,0.278764452,0.301065654,0.299989989,0.364311974,0.378660784,0.340683964,0.354023611,0.293912264
6C8,0.564459949,0.558560346,0.611991974,0.566793307,0.573303977,0.563300276,0.568253819,0.570966217,0.567319714,0.512741939,0.360604614,0.567506778,0.559080249,0.565029764,0.575040817,0.459550036,0.490103701,0.617329083,0.500268571,0.280328632,0.462668648,0.547836853,0.552451292,0.439188255,0,0.274922733,0.543279678,0.474438542,0.572769726,0.517810303,0.543775217,0.559694395,0.542864077,0.506522379,0.536122016,0.523170593,0.475501629,0.547125234,0.556939114,0.528648278,0.568373535,0.572637177,0.488503793,0.481277056,0.524445721,0.515581567,0.557301593,0.533577713,0.570552648,0.476370877,0.552865784,0.524624911,0.560428052,0.603970128,0.592348387,0.526174338,0.496855637,0.551790144,0.525085036,0.539655161,0.524773712,0.54271423,0.446603645,0.553839454,0.597594897,0.472440619,0.535407168,0.512258228,0.52739363,0.549508447,0.533785177,0.584077769,0.553926927,0.522908712,0.553533628
6C9,0.420162483,0.418113366,0.469553142,0.433649226,0.439993837,0.397715113,0.406154858,0.438612935,0.410370757,0.382786512,0.247110993,0.431398406,0.419902891,0.416999875,0.439240346,0.307384988,0.346213468,0.437132162,0.327855184,0.2514337,0.338353102,0.395568202,0.405636923,0.274669689,0.274922733,0,0.416599735,0.384539783,0.429848002,0.357276443,0.387718448,0.414657385,0.401011306,0.387360277,0.397686779,0.377946248,0.334256834,0.361114498,0.386454648,0.415097987,0.448054861,0.418949315,0.352611361,0.355356779,0.387501205,0.383984369,0.406553885,0.382899203,0.409460233,0.324707981,0.405522516,0.391747757,0.416467379,0.471435537,0.446818234,0.400314271,0.352128456,0.404076351,0.356353726,0.412939742,0.376649395,0.411561455,0.310105637,0.439920553,0.413226005,0.346469863,0.397687907,0.381235099,0.389084099,0.416408032,0.439441517,0.505084785,0.399980217,0.443718186,0.412195611
6N1,0.176908196,0.221309847,0.222211551,0.117427169,0.275074464,0.229803354,0.210479829,0.25454069,0.301349208,0.239267725,0.353789434,0.244476327,0.1206185,0.331853916,0.259471435,0.278625205,0.375111635,0.309680893,0.286522515,0.442085069,0.221894677,0.311603597,0.265866494,0.339393548,0.543279678,0.416599735,0,0.276975312,0.337305541,0.239818192,0.233681591,0.297981976,0.186581367,0.272257822,0.191355564,0.177835823,0.283722755,0.369227615,0.218654247,0.121106916,0.201017906,0.27875116,0.28779705,0.342153002,0.200642856,0.234933456,0.163076706,0.291948344,0.259411628,0.258988512,0.216846001,0.227980204,0.226703644,0.157611046,0.166180913,0.162635432,0.283058405,0.254350272,0.327750813,0.213672725,0.225871716,0.184135898,0.249290714,0.132352024,0.219243516,0.200747744,0.188692618,0.260362172,0.163335422,0.180791451,0.183398998,0.296903972,0.244158798,0.167414963,0.189153838
6N10,0.272227771,0.297986097,0.346277988,0.292612716,0.347546039,0.270343882,0.305915138,0.338373529,0.327094733,0.290442123,0.279429808,0.35555367,0.288713934,0.378124791,0.341502743,0.32508001,0.402226037,0.410072975,0.305953593,0.439327365,0.280972692,0.351709525,0.344578297,0.258031364,0.474438542,0.384539783,0.276975312,0,0.391441068,0.26873067,0.30170242,0.348761475,0.261670738,0.218440041,0.272369433,0.209959247,0.303152687,0.406717847,0.321907473,0.239366381,0.304557064,0.349992858,0.324330056,0.363912898,0.264115706,0.296687598,0.290414665,0.345646997,0.338844921,0.278945669,0.306957713,0.313195852,0.315392891,0.345620041,0.328143098,0.263869252,0.294089886,0.311384568,0.314741229,0.271633683,0.281506355,0.277893884,0.244263042,0.292963653,0.338034708,0.225649798,0.26614948,0.29354834,0.248730401,0.242952885,0.267436763,0.294795354,0.337710264,0.261323615,0.279094777
6N2,0.307235685,0.219498264,0.307843182,0.3351806,0.185308061,0.269931551,0.245337596,0.202894553,0.313610213,0.229618256,0.453742705,0.224225394,0.311615961,0.265339385,0.31615035,0.318538376,0.206899254,0.339866826,0.334658144,0.482264304,0.300764086,0.221095806,0.298747259,0.367575351,0.572769726,0.429848002,0.337305541,0.391441068,0,0.275439897,0.242549698,0.222794661,0.269323666,0.378880639,0.302357831,0.302788542,0.32170629,0.336804144,0.253683734,0.343382683,0.328669621,0.175324739,0.372567145,0.207538217,0.299667313,0.405661967,0.273594815,0.172371793,0.180402093,0.332755491,0.235930496,0.212311687,0.247663001,0.357124477,0.356414348,0.319840463,0.343787416,0.324739593,0.362723798,0.332186578,0.302111661,0.365479459,0.346387755,0.353949299,0.315341319,0.336453709,0.329408609,0.223758399,0.321037995,0.355449272,0.351021151,0.452806043,0.326226459,0.355917036,0.268602937
6N3,0.193610824,0.207272953,0.234943005,0.263103253,0.24582272,0.153789412,0.191846369,0.191408872,0.23491195,0.180044429,0.32177494,0.218919567,0.234385702,0.273594996,0.227696535,0.241973485,0.310760569,0.289481041,0.245836039,0.436290817,0.241300747,0.231741267,0.22315664,0.248231346,0.517810303,0.357276443,0.239818192,0.26873067,0.275439897,0,0.176387209,0.222923244,0.193840861,0.236054752,0.193139268,0.179948075,0.267675505,0.327878695,0.201060565,0.24991341,0.208831348,0.238857904,0.288404164,0.286227384,0.196176386,0.315833152,0.205744272,0.235000646,0.207041766,0.224762932,0.189739837,0.196505532,0.184738374,0.25276178,0.243771549,0.220273388,0.253397143,0.254960918,0.263471071,0.244802259,0.248339284,0.264374556,0.217547642,0.263113694,0.21888423,0.245093466,0.237897092,0.218052918,0.216286414,0.243782399,0.282947646,0.359960648,0.261765818,0.268341879,0.20642127
6N4,0.172022183,0.178242544,0.243949446,0.239760636,0.170849235,0.136359065,0.182753774,0.171484007,0.199717135,0.158208848,0.337666997,0.188154292,0.232528559,0.209656501,0.225545598,0.289930536,0.272856294,0.238342534,0.233636974,0.445606324,0.226999054,0.184233236,0.242418499,0.276735121,0.543775217,0.387718448,0.233681591,0.30170242,0.242549698,0.176387209,0,0.195544433,0.178098968,0.277468897,0.204846633,0.18832157,0.24697105,0.283156562,0.160574316,0.251310743,0.222131459,0.146200711,0.289743865,0.239000169,0.189458291,0.303733203,0.209644961,0.219329311,0.166648887,0.233049785,0.173613752,0.168290793,0.145051541,0.257646999,0.257935734,0.216895123,0.229054446,0.238478223,0.257574636,0.253862086,0.240051325,0.260763433,0.229571219,0.253147761,0.200446199,0.260374699,0.253814645,0.216552017,0.240655249,0.235456326,0.279288335,0.363286123,0.217375659,0.274421388,0.197304371
6N5,0.25776173,0.195722593,0.283221727,0.271529665,0.216057092,0.19840771,0.228688759,0.20018943,0.265135096,0.153398327,0.3814123,0.218256087,0.284784594,0.256419614,0.244490217,0.309693267,0.306415753,0.310816275,0.280363507,0.484620977,0.266419273,0.190615853,0.246471448,0.29459126,0.559694395,0.414657385,0.297981976,0.348761475,0.222794661,0.222923244,0.195544433,0,0.219052203,0.298638916,0.283994012,0.249862077,0.288010515,0.354300267,0.233515555,0.289262722,0.286238998,0.191912368,0.354986744,0.255236534,0.25859786,0.363723912,0.249600674,0.218008808,0.148310154,0.302270532,0.226970503,0.192300522,0.187840366,0.30814037,0.333476419,0.253749156,0.291763233,0.284817378,0.304374333,0.300312419,0.28348514,0.297196904,0.274223988,0.276984124,0.279543058,0.301509034,0.289568218,0.21004964,0.296065134,0.297292185,0.317199144,0.413663644,0.315368846,0.313410749,0.22904203
6N6,0.116636149,0.169763814,0.189663874,0.17562719,0.241773293,0.148551243,0.15194583,0.171008461,0.218151367,0.16020401,0.359110277,0.221934824,0.161953301,0.261288485,0.232596582,0.261090482,0.33042989,0.285812688,0.256265636,0.448210244,0.19958412,0.191075984,0.250187819,0.293941961,0.542864077,0.401011306,0.186581367,0.261670738,0.269323666,0.193840861,0.178098968,0.219052203,0,0.266374007,0.155707961,0.14376965,0.261803298,0.348996846,0.168437848,0.172249421,0.217524711,0.193536709,0.301286287,0.291894473,0.129939775,0.258406833,0.145452715,0.220079133,0.188907289,0.226912063,0.191597776,0.186351455,0.144420053,0.204738701,0.23472539,0.174180103,0.251169094,0.241843799,0.27646196,0.187344236,0.204707749,0.224172443,0.222757891,0.201943081,0.165994219,0.200218427,0.210768755,0.198284953,0.198689693,0.198583004,0.211459045,0.308070283,0.245013333,0.20954941,0.115512015
6N7,0.279817434,0.289249139,0.342356343,0.279207535,0.326054648,0.24776398,0.288673297,0.321554848,0.316031844,0.282158473,0.2925182,0.340488001,0.266921256,0.352199586,0.275828897,0.332127159,0.403336851,0.384705707,0.304971289,0.448091409,0.289999445,0.322848567,0.272174958,0.256922026,0.506522379,0.387360277,0.272257822,0.218440041,0.378880639,0.236054752,0.277468897,0.298638916,0.266374007,0,0.265274802,0.210803291,0.288231247,0.390718191,0.311488259,0.242384028,0.3037878,0.329051326,0.318108216,0.357407,0.272721206,0.282967358,0.300295694,0.340337076,0.310613374,0.300717628,0.296754729,0.2886219,0.29487925,0.324822206,0.320557989,0.241896276,0.304686051,0.307085582,0.302763319,0.268496001,0.270512962,0.269044926,0.243435832,0.273852468,0.344315334,0.257861856,0.240424758,0.272446994,0.248065294,0.224787685,0.272575076,0.280357288,0.323954222,0.267005525,0.280934124
6N8,0.154258078,0.199488633,0.168330933,0.243121785,0.286203412,0.19492593,0.155979059,0.20860313,0.261733478,0.201614527,0.348170388,0.233536117,0.192575182,0.287602216,0.274700181,0.225823769,0.327946761,0.312670403,0.264240393,0.442343683,0.180155065,0.243018531,0.225815412,0.308212546,0.536122016,0.397686779,0.191355564,0.272369433,0.302357831,0.193139268,0.204846633,0.283994012,0.155707961,0.265274802,0,0.180896623,0.282614477,0.350470929,0.178588193,0.217740012,0.247864318,0.256326046,0.264731622,0.303268716,0.159994258,0.270014612,0.171596536,0.235719472,0.229548468,0.229769784,0.170873455,0.191614038,0.206304756,0.260478514,0.262382633,0.23400508,0.291920631,0.228043824,0.329810275,0.254860867,0.240929684,0.282966796,0.246541266,0.252817226,0.217374768,0.24720183,0.23393697,0.219064136,0.212312566,0.247667009,0.25660927,0.345255496,0.220063234,0.236668893,0.163687674
6N9,0.165248879,0.1969217,0.225655792,0.177841694,0.246950911,0.166221519,0.185351736,0.223194503,0.242178001,0.186326918,0.314263999,0.24397624,0.185363393,0.285343937,0.25003048,0.253718618,0.328958966,0.295247094,0.256079028,0.41759657,0.21057032,0.25611932,0.235686885,0.236853589,0.523170593,0.377946248,0.177835823,0.209959247,0.302788542,0.179948075,0.18832157,0.249862077,0.14376965,0.210803291,0.180896623,0,0.264765038,0.329240686,0.202059216,0.170860689,0.205587885,0.236700341,0.274252461,0.295365423,0.152709937,0.246316881,0.157380653,0.253496837,0.224833233,0.224515731,0.203481726,0.198335177,0.185921837,0.212445639,0.224755134,0.181484269,0.23829672,0.248247837,0.266981362,0.19726649,0.219934599,0.211243549,0.212893853,0.206039207,0.200100133,0.181142455,0.213614289,0.234699181,0.194478717,0.179756994,0.219023529,0.280768263,0.240809349,0.214649438,0.158403735
8C1,0.259535947,0.265845174,0.331135296,0.304968566,0.267567073,0.270785191,0.274903054,0.278005473,0.262173045,0.259327122,0.317663797,0.299698734,0.315352731,0.274580651,0.266929676,0.301632032,0.306461702,0.317297406,0.225843826,0.404698206,0.23248486,0.25872535,0.277551419,0.273118091,0.475501629,0.334256834,0.283722755,0.303152687,0.32170629,0.267675505,0.24697105,0.288010515,0.261803298,0.288231247,0.282614477,0.264765038,0,0.29290589,0.25254063,0.299098027,0.278187807,0.261406643,0.298971649,0.256117439,0.224706613,0.318163119,0.279290817,0.258910771,0.257779445,0.274431623,0.27057458,0.230438343,0.278612601,0.324197239,0.311468554,0.261736529,0.229890186,0.253715459,0.268561714,0.28323293,0.289219623,0.280820629,0.222159185,0.296901469,0.291578053,0.277463707,0.316486449,0.216515345,0.282658397,0.301510968,0.318894373,0.407640211,0.248786039,0.326236502,0.268182987
8C10,0.357134195,0.338544272,0.359437116,0.38550577,0.311601561,0.344666283,0.328323386,0.346852551,0.319957021,0.341088874,0.407582477,0.284946538,0.381504881,0.317965763,0.348281812,0.344818244,0.316970604,0.252424138,0.289781818,0.458419738,0.317368234,0.324787808,0.321907043,0.343569563,0.547125234,0.361114498,0.369227615,0.406717847,0.336804144,0.327878695,0.283156562,0.354300267,0.348996846,0.390718191,0.350470929,0.329240686,0.29290589,0,0.274220062,0.401674857,0.349817819,0.309962837,0.333683831,0.298609337,0.312993683,0.307072449,0.324179119,0.298446309,0.324082503,0.336280185,0.283770252,0.307586163,0.334813459,0.400528989,0.382344712,0.366025149,0.295177052,0.334490191,0.255363712,0.37054429,0.338443751,0.372223627,0.325040473,0.398754319,0.308740919,0.347328005,0.389158597,0.354518941,0.359711157,0.401602216,0.407066821,0.498636177,0.273170867,0.417785876,0.345018221
8C2,0.205464831,0.182638056,0.1902108,0.238798936,0.236817455,0.190419939,0.143334512,0.188075659,0.211866481,0.179673556,0.358668735,0.191284866,0.208766485,0.230976975,0.250031762,0.24895443,0.307422652,0.222031358,0.234284688,0.450200224,0.197872006,0.213360348,0.222213411,0.310109421,0.556939114,0.386454648,0.218654247,0.321907473,0.253683734,0.201060565,0.160574316,0.233515555,0.168437848,0.311488259,0.178588193,0.202059216,0.25254063,0.274220062,0,0.230998125,0.242962787,0.178000963,0.278550993,0.281006047,0.163280719,0.259857831,0.164570009,0.209892765,0.181652581,0.236889619,0.141720634,0.173055889,0.162435405,0.260027761,0.263407516,0.232041159,0.22403189,0.251725615,0.244160168,0.255963666,0.223475235,0.273538619,0.256591479,0.242242553,0.166556201,0.256870219,0.256386195,0.226361349,0.236198069,0.27455806,0.266328061,0.389730841,0.200810117,0.257244878,0.157970903
8C3,0.207744222,0.224331011,0.247756389,0.119897887,0.289759742,0.23423744,0.218378719,0.258820778,0.286750936,0.236088909,0.339494568,0.286818201,0.120807908,0.323807882,0.283296613,0.300158909,0.398944751,0.345291079,0.305399431,0.447107375,0.229570863,0.307595421,0.27317637,0.318151328,0.528648278,0.415097987,0.121106916,0.239366381,0.343382683,0.24991341,0.251310743,0.289262722,0.172249421,0.242384028,0.217740012,0.170860689,0.299098027,0.401674857,0.230998125,0,0.232441766,0.269683904,0.308330236,0.348345236,0.19854693,0.22866261,0.193745318,0.302244222,0.263109198,0.275082016,0.228736231,0.238887272,0.220468172,0.19533998,0.211440759,0.15182647,0.296861725,0.289319342,0.307462377,0.186281897,0.218007988,0.201955822,0.237988098,0.121884114,0.25116547,0.185166968,0.158578556,0.251819118,0.164623238,0.144160171,0.146846122,0.233311156,0.289940556,0.130460713,0.18223307
8C4,0.191262598,0.204596315,0.228713071,0.240105547,0.240056534,0.212186402,0.263990921,0.223178144,0.28537706,0.252046637,0.375922748,0.233716661,0.22439291,0.302646522,0.229017031,0.291925371,0.359920087,0.302579923,0.299371641,0.468317473,0.255972599,0.310235757,0.281638556,0.307954626,0.568373535,0.448054861,0.201017906,0.304557064,0.328669621,0.208831348,0.222131459,0.286238998,0.217524711,0.3037878,0.247864318,0.205587885,0.278187807,0.349817819,0.242962787,0.232441766,0,0.277683068,0.325364068,0.30079132,0.19542837,0.30069223,0.223493012,0.27141449,0.247389988,0.258756102,0.199843003,0.221215792,0.200176478,0.168717808,0.152394179,0.219834356,0.258055015,0.274993512,0.295181299,0.233928149,0.266572842,0.218661132,0.260943474,0.2215281,0.211662628,0.22894555,0.271198718,0.248660176,0.202076358,0.246823987,0.274357966,0.369221996,0.278727766,0.239415343,0.218787814
8C5,0.229582176,0.170026305,0.264755869,0.252491471,0.140692928,0.193752422,0.192875265,0.151577144,0.214147728,0.174088583,0.380569734,0.203965687,0.255407212,0.235653766,0.261642493,0.318083649,0.243489617,0.255627061,0.265623573,0.481542709,0.245514947,0.175998033,0.282427482,0.31886831,0.572637177,0.418949315,0.27875116,0.349992858,0.175324739,0.238857904,0.146200711,0.191912368,0.193536709,0.329051326,0.256326046,0.236700341,0.261406643,0.309962837,0.178000963,0.269683904,0.277683068,0,0.329453494,0.211877204,0.211523744,0.31834942,0.232978986,0.192308634,0.14279964,0.282584544,0.205958611,0.172385636,0.166918674,0.285505338,0.304433039,0.242784418,0.268608711,0.29733868,0.284550385,0.273648049,0.268906874,0.307284318,0.275219452,0.282648748,0.21540662,0.290814358,0.278986616,0.206671714,0.287148132,0.273064261,0.281760738,0.382210594,0.260524696,0.306996825,0.22021821
8C7,0.290842264,0.302859673,0.316827697,0.321808713,0.34141553,0.307329264,0.288176983,0.329682026,0.33563909,0.304697497,0.31317064,0.280664159,0.283435554,0.328346778,0.334864617,0.230150513,0.328924965,0.369473045,0.304922081,0.380161409,0.235543993,0.366661673,0.265970518,0.287155412,0.488503793,0.352611361,0.28779705,0.324330056,0.372567145,0.288404164,0.289743865,0.354986744,0.301286287,0.318108216,0.264731622,0.274252461,0.298971649,0.333683831,0.278550993,0.308330236,0.325364068,0.329453494,0,0.299594952,0.279715544,0.323622938,0.287502442,0.309700706,0.324571942,0.234011994,0.241462703,0.294193786,0.312074108,0.340480602,0.316093541,0.291575124,0.291011627,0.243425656,0.340679915,0.308955595,0.27506599,0.312823328,0.229421542,0.321296588,0.33410213,0.261411994,0.314028306,0.31144985,0.27495892,0.323278631,0.323481926,0.428700166,0.249892658,0.322931623,0.313102994
8C8,0.307377156,0.224834739,0.352604307,0.358722941,0.20895871,0.269514186,0.299750343,0.207497272,0.331668366,0.233204459,0.345924118,0.281288379,0.350282184,0.259490536,0.304590725,0.274014111,0.141669559,0.341703735,0.301708727,0.377151527,0.210580727,0.238922193,0.310639278,0.257253224,0.481277056,0.355356779,0.342153002,0.363912898,0.207538217,0.286227384,0.239000169,0.255236534,0.291894473,0.357407,0.303268716,0.295365423,0.256117439,0.298609337,0.281006047,0.348345236,0.30079132,0.211877204,0.299594952,0,0.256262646,0.385297654,0.321066586,0.176685118,0.190796656,0.272346892,0.251246471,0.177305068,0.260930584,0.369669442,0.365272709,0.320921498,0.263492061,0.311094552,0.311558319,0.322843085,0.344659186,0.344251816,0.259265084,0.359554882,0.333373772,0.276214832,0.36352158,0.214475244,0.320390332,0.360393423,0.373567184,0.470036078,0.333779912,0.361885569,0.285015936
